java
100 150
350
100000 150000
30
2
1 2 3 4 5 6 7 8 9 0 
---
enfield
45 135
350
150000 200000
35
3
1 2 3 4 5 6 7 8 9 0 
---
hunter
80 140
350
178000 210000
36.8
10
3 4 5 6 7 8 9 3 4 5 
---
triumph
120 180
400
180000 240000
18
21
1 2 3 3 2 3 2 3 2 3 
---
dio
30 100
120
10000 50000
28
350
12 21 23 23 32 34 43 45 54 56 
---
beneli
150 300
650
500000 750000
12
1
1 2 1 3 2 3 4 1 2 4 
---
rx
80 135
125
80000 12000
25
30
12 4 5 6 7 8 9 5 3 4 
---
hayabusa
135 235
1999
175000 250000
6
15
12 1 23 45 1 12 12 12 34 45 
---
harleydavidson
125 199
450
1000000 1200000
21
1
1 2 1 2 3 4 3 2 1 2 
---
splendor
50 80
100
75000 110000
90
2345
234 56 454 3434 787 3434 989 454 65 56 
---
ns
123 220
175
170000 200000
37
12
1 2 3 43 55 6 67 7566 65 5 
---
ducati
135 245
1999
300000 500000
12
0
121 23 45 565 34 5656 3434 433 343 34 
---
yezdi
80 198
250
150000 200000
19
23
2 3 4 3 34 4 5 6 7 5 
---
bmw
120 250
2000
450000 700000
8
17
1 5 6 7 4 5 3 5 4 3 
---
tvs
30 60
90
15000 50000
45
345
234234 23455 34544 4545 57667 7878 4345 4545 5656 65656 
---
